Index,NASDAQ100
Symbol,^NDX
Date,Open,High,Low,Close,Adj Close,Volume
1985-10-01,110.62000274658203,116.125,106.75,115.4800033569336,115.4800033569336,3716680000
1985-11-01,115.4800033569336,126.43499755859375,115.4800033569336,126.05999755859375,126.05999755859375,3681760000
1985-12-01,126.05999755859375,133.18499755859375,124.72000122070312,132.2949981689453,132.2949981689453,4469640000
1986-01-01,132.2949981689453,134.1300048828125,128.05499267578125,132.9250030517578,132.9250030517578,4821700000
1986-02-01,132.9250030517578,141.8300018310547,132.9250030517578,140.4250030517578,140.4250030517578,4647400000
1986-03-01,140.4250030517578,149.2050018310547,139.56500244140625,148.86000061035156,148.86000061035156,5191800000
1986-04-01,148.86000061035156,160.9499969482422,144.8300018310547,154.91000366210938,154.91000366210938,5629200000
1986-05-01,154.91000366210938,163.6199951171875,153.72500610351562,163.16000366210938,163.16000366210938,4824640000
1986-06-01,163.16000366210938,163.97999572753906,156.86500549316406,162.61500549316406,162.61500549316406,5138800000
1986-07-01,162.61500549316406,164.55999755859375,142.72999572753906,144.7050018310547,144.7050018310547,4822080000
1986-08-01,144.7050018310547,152.55499267578125,140.17999267578125,151.6999969482422,151.6999969482422,4203080000
1986-09-01,151.6999969482422,152.07000732421875,133.27999877929688,137.4949951171875,137.4949951171875,4406360000
1986-10-01,137.52000427246094,145.17999267578125,137.40499877929688,144.47999572753906,144.47999572753906,4305780000
1986-11-01,144.47999572753906,147.9600067138672,138.9550018310547,147.94000244140625,147.94000244140625,4149540000
1986-12-01,147.94000244140625,150.85000610351562,140.94500732421875,141.40499877929688,141.40499877929688,5217780000
1987-01-01,141.40499877929688,170.27499389648438,141.40499877929688,166.6750030517578,166.6750030517578,6369240000
1987-02-01,166.7050018310547,184.72999572753906,166.5800018310547,182.75,182.75,6059400000
1987-03-01,182.75,191.7449951171875,179.86500549316406,186.0399932861328,186.0399932861328,6610000000
1987-04-01,186.0399932861328,192.4600067138672,177.50999450683594,184.8300018310547,184.8300018310547,6054000000
1987-05-01,184.8300018310547,191.6999969482422,179.73500061035156,188.77000427246094,188.77000427246094,5567400000
1987-06-01,188.77000427246094,193.36000061035156,184.44000244140625,189.24000549316406,189.24000549316406,6549800000
1987-07-01,189.24000549316406,197.30499267578125,186.56500244140625,196.35000610351562,196.35000610351562,6759000000
1987-08-01,196.35000610351562,212.1649932861328,194.09500122070312,209.5749969482422,209.5749969482422,6272000000
1987-09-01,209.5749969482422,210.77999877929688,196.13499450683594,205.5050048828125,205.5050048828125,6185800000
1987-10-01,205.5050048828125,214.02999877929688,126.25,150.07000732421875,150.07000732421875,8148400000
1987-11-01,150.07000732421875,154.1199951171875,133.13999938964844,137.125,137.125,4994700000
1987-12-01,137.125,158.4199981689453,129.46499633789062,156.25,156.25,5887420000
1988-01-01,156.25,169.13999938964844,151.57000732421875,159.1300048828125,159.1300048828125,4930480000
1988-02-01,159.1300048828125,174.0500030517578,156.09500122070312,172.63999938964844,172.63999938964844,4985740000
1988-03-01,172.63999938964844,182.73500061035156,170.52499389648438,173.25999450683594,173.25999450683594,6309760000
1988-04-01,173.25999450683594,180.91000366210938,170.13999938964844,175.9199981689453,175.9199981689453,5004480000
1988-05-01,175.93499755859375,180.10499572753906,166.76499938964844,173.34500122070312,173.34500122070312,4934680000
1988-06-01,173.48500061035156,189.34500122070312,173.48500061035156,189.02499389648438,189.02499389648438,6192080000
1988-07-01,189.22999572753906,192.77000427246094,176.3800048828125,181.16000366210938,181.16000366210938,5219260000
1988-08-01,181.15499877929688,182.19000244140625,168.85000610351562,170.9949951171875,170.9949951171875,5181960000
1988-09-01,170.93499755859375,180.30999755859375,167.1699981689453,179.36500549316406,179.36500549316406,4688240000
1988-10-01,179.2899932861328,180.52499389648438,172.80999755859375,174.77999877929688,174.77999877929688,4993060000
1988-11-01,174.77499389648438,175.6199951171875,162.65499877929688,169.18499755859375,169.18499755859375,4571700000
1988-12-01,169.13499450683594,177.86000061035156,168.73500061035156,177.41000366210938,177.41000366210938,4973480000
1989-01-01,177.39999389648438,186.69000244140625,172.94500732421875,186.47000122070312,186.47000122070312,5432020000
1989-02-01,186.47000122070312,192.9949951171875,183.22999572753906,183.7899932861328,183.7899932861328,5054900000
1989-03-01,183.7899932861328,187.68499755859375,178.96499633789062,185.8699951171875,185.8699951171875,5738540000
1989-04-01,185.8699951171875,200.4949951171875,184.4499969482422,200.47000122070312,200.47000122070312,5323760000
1989-05-01,200.47000122070312,215.18499755859375,199.14500427246094,214.5449981689453,214.5449981689453,6149740000
1989-06-01,214.5449981689453,220.80999755859375,201.99000549316406,204.5850067138672,204.5850067138672,6029400000
1989-07-01,204.5850067138672,214.3350067138672,203.61000061035156,214.27499389648438,214.27499389648438,4998880000
1989-08-01,214.27499389648438,222.14999389648438,211.63499450683594,222.0050048828125,222.0050048828125,6114140000
1989-09-01,222.0050048828125,227.63499450683594,219.7949981689453,226.38999938964844,226.38999938964844,5246020000
1989-10-01,226.4149932861328,238.84500122070312,213.60499572753906,222.61500549316406,222.61500549316406,6320940000
1989-11-01,222.61500549316406,225.75999450683594,214.65499877929688,224.44500732421875,224.44500732421875,5064380000
1989-12-01,224.44500732421875,227.85499572753906,208.68499755859375,223.8350067138672,223.8350067138672,5555460000
1990-01-01,223.8350067138672,228.94000244140625,196.68499755859375,201.94000244140625,201.94000244140625,6059660000
1990-02-01,201.94000244140625,210.43499755859375,200.40499877929688,207.9149932861328,207.9149932861328,4841840000
1990-03-01,207.9149932861328,220.13499450683594,206.52499389648438,213.14500427246094,213.14500427246094,5774900000
1990-04-01,213.14500427246094,218.25,202.97000122070312,205.81500244140625,205.81500244140625,5182900000
1990-05-01,205.81500244140625,237.9250030517578,205.81500244140625,236.14999389648438,236.14999389648438,6937140000
1990-06-01,236.14999389648438,242.84500122070312,231.75999450683594,238.4600067138672,238.4600067138672,6285380000
1990-07-01,238.4600067138672,246.81500244140625,221.36000061035156,223.38499450683594,223.38499450683594,5969720000
1990-08-01,223.38499450683594,224.625,177.05499267578125,193.61500549316406,193.61500549316406,6222640000
1990-09-01,193.61500549316406,195.875,169.3249969482422,177.05499267578125,177.05499267578125,4178800000
1990-10-01,177.05499267578125,189.05499267578125,162.5500030517578,172.55499267578125,172.55499267578125,5376960000
1990-11-01,172.55499267578125,193.05499267578125,170.8800048828125,192.5800018310547,192.5800018310547,4756460000
1990-12-01,192.65499877929688,203.48500061035156,192.65499877929688,200.52999877929688,200.52999877929688,5000200000
1991-01-01,200.52999877929688,232.6750030517578,190.89500427246094,232.4250030517578,232.4250030517578,5848720000
1991-02-01,232.4250030517578,252.85000610351562,231.27499389648438,250.11500549316406,250.11500549316406,6625920000
1991-03-01,250.11500549316406,267.92999267578125,247.7949981689453,264.9049987792969,264.9049987792969,7170420000
1991-04-01,264.9049987792969,286.04998779296875,259.3500061035156,263.6549987792969,263.6549987792969,8227960000
1991-05-01,263.6549987792969,279.0,256.5450134277344,279.0,279.0,6755440000
1991-06-01,279.0,281.4200134277344,249.78500366210938,254.19500732421875,254.19500732421875,5670960000
1991-07-01,254.19500732421875,272.3450012207031,249.9949951171875,272.1549987792969,272.1549987792969,6196220000
1991-08-01,272.1549987792969,290.9150085449219,263.54998779296875,287.4049987792969,287.4049987792969,6548800000
1991-09-01,287.4049987792969,290.43499755859375,276.32501220703125,287.5350036621094,287.5350036621094,6437300000
1991-10-01,287.5350036621094,297.7650146484375,276.510009765625,292.5050048828125,292.5050048828125,8141860000
1991-11-01,292.5050048828125,304.54998779296875,277.8999938964844,284.7900085449219,284.7900085449219,7400300000
1991-12-01,284.7900085449219,332.5799865722656,281.0950012207031,330.8550109863281,330.8550109863281,7264720000
1992-01-01,330.8550109863281,357.70001220703125,322.55999755859375,338.31500244140625,338.31500244140625,11211080000
1992-02-01,338.31500244140625,356.2799987792969,332.9750061035156,345.8800048828125,345.8800048828125,8439140000
1992-03-01,345.8800048828125,348.3949890136719,320.1549987792969,323.04998779296875,323.04998779296875,8096440000
1992-04-01,323.04998779296875,326.7900085449219,291.3550109863281,307.8599853515625,307.8599853515625,7893420000
1992-05-01,307.8599853515625,317.2650146484375,300.5350036621094,315.2950134277344,315.2950134277344,6229960000
1992-06-01,315.2950134277344,319.2250061035156,288.010009765625,301.2300109863281,301.2300109863281,7179260000
1992-07-01,301.2300109863281,311.7550048828125,292.79998779296875,310.8949890136719,310.8949890136719,7183300000
1992-08-01,310.8949890136719,313.4849853515625,287.635009765625,299.260009765625,299.260009765625,6166700000
1992-09-01,299.260009765625,324.69000244140625,298.1050109863281,313.18499755859375,313.18499755859375,7401540000
1992-10-01,313.18499755859375,332.4649963378906,291.9649963378906,329.1549987792969,329.1549987792969,8447380000
1992-11-01,329.1549987792969,351.2900085449219,324.9800109863281,350.9599914550781,350.9599914550781,8809260000
1992-12-01,350.9599914550781,363.2049865722656,344.7950134277344,360.18499755859375,360.18499755859375,9899420000
1993-01-01,360.18499755859375,384.67498779296875,355.3599853515625,370.55999755859375,370.55999755859375,10374920000
1993-02-01,370.55999755859375,379.260009765625,337.1449890136719,351.1400146484375,351.1400146484375,9947220000
1993-03-01,351.1400146484375,366.5350036621094,345.42999267578125,359.4200134277344,359.4200134277344,10238300000
1993-04-01,359.4200134277344,360.7449951171875,326.55999755859375,339.94500732421875,339.94500732421875,9774000000
1993-05-01,339.94500732421875,376.5299987792969,339.94500732421875,368.1099853515625,368.1099853515625,10212920000
1993-06-01,368.1099853515625,374.9150085449219,352.7550048828125,366.125,366.125,10742620000
1993-07-01,366.125,366.5150146484375,346.5150146484375,352.864990234375,352.864990234375,10382600000
1993-08-01,352.864990234375,379.6400146484375,352.864990234375,372.6499938964844,372.6499938964844,11424120000
1993-09-01,372.6499938964844,388.3299865722656,358.0249938964844,382.7149963378906,382.7149963378906,11553360000
1993-10-01,382.7149963378906,396.2049865722656,375.635009765625,390.9849853515625,390.9849853515625,13401580000
1993-11-01,390.9849853515625,396.875,371.82501220703125,386.760009765625,386.760009765625,12493760000
1993-12-01,386.760009765625,401.80999755859375,381.8399963378906,398.2799987792969,398.2799987792969,12450260000
1994-01-01,398.260009765625,415.4200134277344,392.04998779296875,413.989990234375,413.989990234375,6683340000
1994-02-01,413.989990234375,413.989990234375,392.3299865722656,412.1700134277344,412.1700134277344,5993960000
1994-03-01,412.1700134277344,418.989990234375,372.32000732421875,382.9599914550781,382.9599914550781,7321980000
1994-04-01,382.9599914550781,391.94000244140625,352.1199951171875,373.25,373.25,5623380000
1994-05-01,373.25,381.30999755859375,353.42999267578125,378.8500061035156,378.8500061035156,5743170000
1994-06-01,378.8500061035156,385.1600036621094,350.0299987792969,360.29998779296875,360.29998779296875,6016150000
1994-07-01,360.29998779296875,373.42999267578125,352.739990234375,370.1600036621094,370.1600036621094,5335860000
1994-08-01,370.1600036621094,402.8699951171875,363.80999755859375,397.8999938964844,397.8999938964844,6695930000
1994-09-01,397.8999938964844,407.1000061035156,386.1099853515625,393.8500061035156,393.8500061035156,5964610000
1994-10-01,393.8500061035156,416.0899963378906,376.79998779296875,413.04998779296875,413.04998779296875,6625590000
1994-11-01,413.04998779296875,417.54998779296875,390.8900146484375,404.82000732421875,404.82000732421875,6188120000
1994-12-01,404.82000732421875,406.5299987792969,379.9599914550781,404.2699890136719,404.2699890136719,6169730000
1995-01-01,404.2699890136719,419.9800109863281,394.5899963378906,405.3299865722656,405.3299865722656,6429730000
1995-02-01,405.3299865722656,435.20001220703125,405.3299865722656,432.5,432.5,6206060000
1995-03-01,432.5,462.989990234375,429.04998779296875,447.1499938964844,447.1499938964844,7601700000
1995-04-01,447.1499938964844,470.489990234375,438.3800048828125,469.55999755859375,469.55999755859375,6910700000
1995-05-01,469.55999755859375,509.239990234375,463.3800048828125,488.1000061035156,488.1000061035156,8133750000
1995-06-01,488.1000061035156,546.5700073242188,486.07000732421875,538.030029296875,538.030029296875,8795140000
1995-07-01,538.030029296875,600.010009765625,530.4000244140625,568.8800048828125,568.8800048828125,9056140000
1995-08-01,568.8800048828125,601.6500244140625,541.6400146484375,576.77001953125,576.77001953125,9882930000
1995-09-01,576.77001953125,613.780029296875,557.260009765625,585.0800170898438,585.0800170898438,8983540000
1995-10-01,585.0800170898438,613.0,527.8900146484375,598.780029296875,598.780029296875,9660490000
1995-11-01,598.780029296875,623.530029296875,562.5,593.719970703125,593.719970703125,9544310000
1995-12-01,593.719970703125,604.1300048828125,540.969970703125,576.22998046875,576.22998046875,9972500000
1996-01-01,576.22998046875,591.8400268554688,526.7999877929688,591.8200073242188,591.8200073242188,11336210000
1996-02-01,591.8200073242188,647.3400268554688,589.010009765625,622.8300170898438,622.8300170898438,10690430000
1996-03-01,622.8300170898438,637.9199829101562,585.3300170898438,609.6900024414062,609.6900024414062,10648850000
1996-04-01,609.6900024414062,669.739990234375,597.4199829101562,666.72998046875,666.72998046875,11951730000
1996-05-01,666.72998046875,700.6500244140625,646.02001953125,692.3900146484375,692.3900146484375,14550600000
1996-06-01,692.3900146484375,704.0900268554688,648.9299926757812,677.2999877929688,677.2999877929688,11479100000
1996-07-01,677.4000244140625,687.9500122070312,572.7899780273438,636.010009765625,636.010009765625,11807920000
1996-08-01,636.010009765625,685.1500244140625,635.3599853515625,663.5700073242188,663.5700073242188,9696450000
1996-09-01,663.5700073242188,757.8300170898438,650.47998046875,737.5700073242188,737.5700073242188,10646990000
1996-10-01,737.5800170898438,794.0800170898438,727.1400146484375,751.989990234375,751.989990234375,12543840000
1996-11-01,751.989990234375,836.1500244140625,748.969970703125,834.010009765625,834.010009765625,10973580000
1996-12-01,834.010009765625,873.0,798.1300048828125,821.3599853515625,821.3599853515625,11852910000
1997-01-01,821.3599853515625,938.1099853515625,806.1699829101562,921.5499877929688,921.5499877929688,14074400000
1997-02-01,921.5499877929688,928.3099975585938,835.8699951171875,850.4600219726562,850.4600219726562,12037800000
1997-03-01,850.4600219726562,874.280029296875,784.5399780273438,797.0599975585938,797.0599975585938,11834210000
1997-04-01,797.0599975585938,877.9500122070312,779.1699829101562,874.739990234375,874.739990234375,12452400000
1997-05-01,874.739990234375,988.4000244140625,852.0999755859375,958.8499755859375,958.8499755859375,12905590000
1997-06-01,958.8499755859375,993.1599731445312,915.9600219726562,957.2999877929688,957.2999877929688,12580930000
1997-07-01,957.2999877929688,1110.27001953125,947.780029296875,1107.030029296875,1107.030029296875,14331570000
1997-08-01,1107.030029296875,1151.8199462890625,1060.8800048828125,1074.050048828125,1074.050048828125,13420440000
1997-09-01,1074.1700439453125,1139.699951171875,1074.1700439453125,1097.1600341796875,1097.1600341796875,14680150000
1997-10-01,1097.1700439453125,1153.8900146484375,925.9199829101562,1019.6199951171875,1019.6199951171875,18850990000
1997-11-01,1019.6199951171875,1073.969970703125,971.6099853515625,1050.510009765625,1050.510009765625,11687640000
1997-12-01,1050.510009765625,1085.3499755859375,937.219970703125,990.8300170898438,990.8300170898438,14926610000
1998-01-01,990.7999877929688,1082.0799560546875,933.010009765625,1071.1300048828125,1071.1300048828125,13738080000
1998-02-01,1071.1300048828125,1213.0899658203125,1071.1300048828125,1194.1300048828125,1194.1300048828125,14564140000
1998-03-01,1194.1300048828125,1230.9200439453125,1123.8599853515625,1220.6600341796875,1220.6600341796875,16973400000
1998-04-01,1220.6600341796875,1310.0999755859375,1172.8699951171875,1248.1199951171875,1248.1199951171875,17292480000
1998-05-01,1248.1199951171875,1280.280029296875,1180.22998046875,1192.0699462890625,1192.0699462890625,14377770000
1998-06-01,1192.0699462890625,1347.43994140625,1157.8800048828125,1337.3399658203125,1337.3399658203125,15899310000
1998-07-01,1337.3399658203125,1485.969970703125,1326.0699462890625,1377.260009765625,1377.260009765625,17597450000
1998-08-01,1377.260009765625,1421.4000244140625,1140.030029296875,1140.3399658203125,1140.3399658203125,15716150000
1998-09-01,1140.3399658203125,1413.1600341796875,1118.1199951171875,1345.47998046875,1345.47998046875,15884050000
1998-10-01,1345.47998046875,1414.5999755859375,1063.27001953125,1400.52001953125,1400.52001953125,19397870000
1998-11-01,1400.52001953125,1634.4000244140625,1395.530029296875,1557.9599609375,1557.9599609375,17697660000
1998-12-01,1557.9599609375,1848.3599853515625,1535.1800537109375,1836.010009765625,1836.010009765625,19075670000
1999-01-01,1836.010009765625,2128.18994140625,1833.4300537109375,2127.18994140625,2127.18994140625,20526060000
1999-02-01,2127.18994140625,2150.830078125,1864.9000244140625,1925.280029296875,1925.280029296875,17439250000
1999-03-01,1925.969970703125,2168.68994140625,1870.3699951171875,2106.389892578125,2106.389892578125,21196320000
1999-04-01,2106.389892578125,2283.550048828125,1952.3599853515625,2136.389892578125,2136.389892578125,23426400000
1999-05-01,2136.389892578125,2239.860107421875,1960.550048828125,2089.699951171875,2089.699951171875,18519390000
1999-06-01,2089.699951171875,2320.429931640625,1987.4000244140625,2296.77001953125,2296.77001953125,19607990000
1999-07-01,2296.77001953125,2468.419921875,2233.14990234375,2270.929931640625,2270.929931640625,20915660000
1999-08-01,2270.929931640625,2467.4599609375,2120.260009765625,2396.8701171875,2396.8701171875,20246710000
1999-09-01,2396.8701171875,2551.659912109375,2345.219970703125,2407.89990234375,2407.89990234375,21333490000
1999-10-01,2407.699951171875,2651.1201171875,2299.949951171875,2637.43994140625,2637.43994140625,22684970000
1999-11-01,2637.0400390625,3151.77001953125,2612.389892578125,2966.7099609375,2966.7099609375,28754050000
1999-12-01,2970.0400390625,3750.409912109375,2956.7900390625,3707.830078125,3707.830078125,31236210000
2000-01-01,3755.739990234375,3905.10009765625,3314.75,3570.050048828125,3570.050048828125,33421060000
2000-02-01,3580.2900390625,4297.4599609375,3544.929931640625,4266.93994140625,4266.93994140625,35644700000
2000-03-01,4275.72021484375,4816.35009765625,4049.97998046875,4397.83984375,4397.83984375,43200490000
2000-04-01,4355.7001953125,4355.7001953125,3107.419921875,3773.179931640625,3773.179931640625,35147970000
2000-05-01,3789.199951171875,3871.929931640625,2897.27001953125,3324.080078125,3324.080078125,30831980000
2000-06-01,3331.800048828125,3990.2099609375,3331.800048828125,3763.7900390625,3763.7900390625,33352380000
2000-07-01,3763.7900390625,4089.0400390625,3437.590087890625,3609.35009765625,3609.35009765625,30916110000
2000-08-01,3609.35009765625,4080.47998046875,3341.830078125,4077.590087890625,4077.590087890625,33222920000
2000-09-01,4084.110107421875,4147.18994140625,3505.179931640625,3570.610107421875,3570.610107421875,34727330000
2000-10-01,3613.739990234375,3613.860107421875,2956.199951171875,3282.300048828125,3282.300048828125,44129010000
2000-11-01,3214.39990234375,3369.469970703125,2426.409912109375,2506.5400390625,2506.5400390625,38181910000
2000-12-01,2566.679931640625,2990.830078125,2174.760009765625,2341.699951171875,2341.699951171875,44347190000
2001-01-01,2341.280029296875,2771.6298828125,2087.320068359375,2593.0,2593.0,49399780000
2001-02-01,2586.239990234375,2627.389892578125,1880.469970703125,1908.3199462890625,1908.3199462890625,36428040000
2001-03-01,1879.8399658203125,2029.010009765625,1530.1400146484375,1573.25,1573.25,44719260000
2001-04-01,1569.6600341796875,1981.9000244140625,1348.52001953125,1855.1500244140625,1855.1500244140625,42649960000
2001-05-01,1854.6700439453125,2073.97998046875,1768.6199951171875,1799.8900146484375,1799.8900146484375,41465750000
2001-06-01,1826.02001953125,1963.8299560546875,1655.260009765625,1830.18994140625,1830.18994140625,36577380000
2001-07-01,1831.4200439453125,1864.199951171875,1580.5699462890625,1683.6099853515625,1683.6099853515625,32812530000
2001-08-01,1713.6700439453125,1766.5799560546875,1438.9100341796875,1469.699951171875,1469.699951171875,32437350000
2001-09-01,1466.3199462890625,1502.6700439453125,1088.9599609375,1168.3699951171875,1168.3699951171875,30829450000
2001-10-01,1161.739990234375,1487.4000244140625,1131.3199462890625,1364.780029296875,1364.780029296875,43885890000
2001-11-01,1381.699951171875,1644.3800048828125,1358.719970703125,1596.050048828125,1596.050048828125,38324730000
2001-12-01,1576.260009765625,1734.5799560546875,1557.1800537109375,1577.050048828125,1577.050048828125,35539380000
2002-01-01,1590.7099609375,1710.22998046875,1481.4599609375,1550.1700439453125,1550.1700439453125,39095980000
2002-02-01,1544.4200439453125,1561.239990234375,1329.9300537109375,1359.219970703125,1359.219970703125,34022690000
2002-03-01,1373.1500244140625,1573.4200439453125,1370.3199462890625,1452.81005859375,1452.81005859375,34619370000
2002-04-01,1440.3800048828125,1481.739990234375,1228.93994140625,1277.0699462890625,1277.0699462890625,38648510000
2002-05-01,1273.6300048828125,1350.5400390625,1142.25,1208.3399658203125,1208.3399658203125,39802810000
2002-06-01,1205.199951171875,1213.1800537109375,979.8699951171875,1051.4100341796875,1051.4100341796875,36638230000
2002-07-01,1044.47998046875,1066.280029296875,869.1699829101562,962.0999755859375,962.0999755859375,45237670000
2002-08-01,954.5599975585938,1052.489990234375,856.3499755859375,942.3800048828125,942.3800048828125,31490760000
2002-09-01,928.5,978.4600219726562,825.7999877929688,832.52001953125,832.52001953125,29029680000
2002-10-01,841.2899780273438,1007.719970703125,795.25,989.5399780273438,989.5399780273438,38730160000
2002-11-01,981.239990234375,1134.5999755859375,972.3400268554688,1116.0999755859375,1116.0999755859375,35673650000
2002-12-01,1144.2099609375,1155.6800537109375,977.5900268554688,984.3699951171875,984.3699951171875,29122630000
2003-01-01,995.6400146484375,1104.3199462890625,968.3400268554688,983.0499877929688,983.0499877929688,30898030000
2003-02-01,987.3699951171875,1019.25,938.52001953125,1009.739990234375,1009.739990234375,24374040000
2003-03-01,1015.8699951171875,1099.6099853515625,946.7899780273438,1018.6599731445312,1018.6599731445312,31136990000
2003-04-01,1025.02001953125,1126.5799560546875,1015.4600219726562,1106.06005859375,1106.06005859375,30761430000
2003-05-01,1104.3800048828125,1201.25,1094.4200439453125,1197.8900146484375,1197.8900146484375,38423310000
2003-06-01,1210.77001953125,1265.68994140625,1180.010009765625,1201.68994140625,1201.68994140625,41170990000
2003-07-01,1195.300048828125,1316.4200439453125,1180.1099853515625,1276.93994140625,1276.93994140625,38212570000
2003-08-01,1274.6099853515625,1344.739990234375,1204.2900390625,1341.199951171875,1341.199951171875,30294060000
2003-09-01,1347.6400146484375,1406.6099853515625,1302.260009765625,1303.699951171875,1303.699951171875,39917180000
2003-10-01,1312.4300537109375,1443.1800537109375,1306.3299560546875,1416.3900146484375,1416.3900146484375,41226870000
2003-11-01,1423.1300048828125,1453.4599609375,1357.25,1424.25,1424.25,34049930000
2003-12-01,1434.0999755859375,1474.239990234375,1372.8699951171875,1467.9200439453125,1467.9200439453125,35470880000
2004-01-01,1474.1600341796875,1559.469970703125,1458.510009765625,1493.0799560546875,1493.0799560546875,45972690000
2004-02-01,1497.780029296875,1524.0899658203125,1452.489990234375,1470.3800048828125,1470.3800048828125,35411970000
2004-03-01,1476.0400390625,1494.6700439453125,1368.0799560546875,1438.4100341796875,1438.4100341796875,42497500000
2004-04-01,1438.9100341796875,1508.3699951171875,1401.3599853515625,1401.3599853515625,1401.3599853515625,40153120000
2004-05-01,1409.06005859375,1469.22998046875,1372.4599609375,1466.219970703125,1466.219970703125,32652780000
2004-06-01,1457.7099609375,1523.47998046875,1445.2099609375,1516.6400146484375,1516.6400146484375,32602090000
2004-07-01,1514.8199462890625,1514.8199462890625,1359.199951171875,1400.3900146484375,1400.3900146484375,35711700000
2004-08-01,1390.2099609375,1408.31005859375,1301.9300537109375,1368.6800537109375,1368.6800537109375,30823660000
2004-09-01,1363.27001953125,1440.81005859375,1360.5799560546875,1412.739990234375,1412.739990234375,31295080000
2004-10-01,1426.3800048828125,1496.97998046875,1416.2900390625,1486.719970703125,1486.719970703125,35975380000
2004-11-01,1486.25,1593.1600341796875,1479.8599853515625,1571.5,1571.5,37928210000
2004-12-01,1578.25,1635.699951171875,1577.77001953125,1621.1199951171875,1621.1199951171875,44379920000
2005-01-01,1628.75,1635.449951171875,1480.6600341796875,1519.6300048828125,1519.6300048828125,43135970000
2005-02-01,1521.0,1561.1700439453125,1489.989990234375,1511.02001953125,1511.02001953125,36626560000
2005-03-01,1516.6300048828125,1552.530029296875,1458.260009765625,1482.530029296875,1482.530029296875,39780380000
2005-04-01,1491.8299560546875,1503.2099609375,1394.3599853515625,1420.7900390625,1420.7900390625,37517930000
2005-05-01,1421.9000244140625,1551.1199951171875,1415.5999755859375,1542.6300048828125,1542.6300048828125,34223410000
2005-06-01,1541.72998046875,1568.9599609375,1490.02001953125,1493.52001953125,1493.52001953125,36702320000
2005-07-01,1497.02001953125,1619.949951171875,1484.1800537109375,1605.1400146484375,1605.1400146484375,32702310000
2005-08-01,1609.739990234375,1628.5699462890625,1551.31005859375,1581.7099609375,1581.7099609375,34238710000
2005-09-01,1581.22998046875,1619.1199951171875,1551.81005859375,1601.6600341796875,1601.6600341796875,34790080000
2005-10-01,1603.469970703125,1617.77001953125,1515.4200439453125,1579.1800537109375,1579.1800537109375,36500900000
2005-11-01,1572.969970703125,1704.4200439453125,1570.75,1672.56005859375,1672.56005859375,31942420000
2005-12-01,1683.3900146484375,1716.6500244140625,1641.8599853515625,1645.199951171875,1645.199951171875,32737380000
2006-01-01,1654.3900146484375,1761.4599609375,1633.6199951171875,1710.75,1710.75,41775220000
2006-02-01,1697.1199951171875,1714.280029296875,1637.260009765625,1670.5699462890625,1670.5699462890625,37103890000
2006-03-01,1675.9200439453125,1720.199951171875,1634.25,1703.6600341796875,1703.6600341796875,47567350000
2006-04-01,1715.1199951171875,1750.22998046875,1684.3499755859375,1700.7099609375,1700.7099609375,39227480000
2006-05-01,1706.800048828125,1721.1300048828125,1554.760009765625,1579.5799560546875,1579.5799560546875,45923780000
2006-06-01,1581.0799560546875,1626.2900390625,1511.530029296875,1575.22998046875,1575.22998046875,43418010000
2006-07-01,1580.6300048828125,1586.43994140625,1446.77001953125,1509.4300537109375,1509.4300537109375,36405330000
2006-08-01,1498.1700439453125,1586.5999755859375,1476.06005859375,1579.72998046875,1579.72998046875,38177580000
2006-09-01,1589.2099609375,1666.030029296875,1558.1700439453125,1654.1300048828125,1654.1300048828125,37304950000
2006-10-01,1650.3199462890625,1745.7900390625,1623.0699462890625,1732.5400390625,1732.5400390625,42714580000
2006-11-01,1738.550048828125,1824.2099609375,1693.18994140625,1791.25,1791.25,38943340000
2006-12-01,1790.6300048828125,1821.1800537109375,1746.0699462890625,1756.9000244140625,1756.9000244140625,35073670000
2007-01-01,1769.219970703125,1847.5400390625,1731.7099609375,1792.280029296875,1792.280029296875,42688490000
2007-02-01,1801.5999755859375,1851.469970703125,1746.2900390625,1761.5999755859375,1761.5999755859375,39700560000
2007-03-01,1729.030029296875,1807.4300537109375,1710.969970703125,1772.3599853515625,1772.3599853515625,43563900000
2007-04-01,1775.9200439453125,1896.77001953125,1761.6500244140625,1867.75,1867.75,39717000000
2007-05-01,1872.3399658203125,1931.0999755859375,1857.3299560546875,1928.18994140625,1928.18994140625,44252460000
2007-06-01,1934.739990234375,1948.5799560546875,1876.52001953125,1934.0999755859375,1934.0999755859375,45340310000
2007-07-01,1943.280029296875,2060.2900390625,1931.989990234375,1932.06005859375,1932.06005859375,45107360000
2007-08-01,1929.0899658203125,1995.0,1805.6600341796875,1988.72998046875,1988.72998046875,52126030000
2007-09-01,1989.280029296875,2101.9599609375,1943.27001953125,2091.110107421875,2091.110107421875,35257250000
2007-10-01,2092.60009765625,2239.22998046875,2088.7900390625,2238.97998046875,2238.97998046875,48751620000
2007-11-01,2223.52001953125,2226.8798828125,1980.1800537109375,2089.10009765625,2089.10009765625,50214790000
2007-12-01,2080.10009765625,2147.679931640625,1999.5899658203125,2084.929931640625,2084.929931640625,37753390000
2008-01-01,2085.530029296875,2094.219970703125,1693.06005859375,1841.4200439453125,1841.4200439453125,55211960000
2008-02-01,1846.0699462890625,1864.969970703125,1714.8599853515625,1745.27001953125,1745.27001953125,45767570000
2008-03-01,1743.9200439453125,1831.97998046875,1668.5699462890625,1781.9300537109375,1781.9300537109375,44966440000
2008-04-01,1806.1500244140625,1953.5899658203125,1776.5999755859375,1917.699951171875,1917.699951171875,42726250000
2008-05-01,1921.8699951171875,2050.7900390625,1921.050048828125,2032.5699462890625,2032.5699462890625,42783110000
2008-06-01,2026.5799560546875,2055.820068359375,1829.300048828125,1837.0899658203125,1837.0899658203125,45968100000
2008-07-01,1821.9300537109375,1874.8299560546875,1761.0799560546875,1849.1500244140625,1849.1500244140625,50672460000
2008-08-01,1847.469970703125,1973.56005859375,1802.0899658203125,1872.5400390625,1872.5400390625,39482890000
2008-09-01,1904.2099609375,1912.719970703125,1496.1500244140625,1594.6300048828125,1594.6300048828125,51722940000
2008-10-01,1581.06005859375,1584.260009765625,1149.1199951171875,1334.780029296875,1334.780029296875,62537120000
2008-11-01,1333.18994140625,1382.6500244140625,1018.8599853515625,1185.75,1185.75,41933210000
2008-12-01,1185.75,1251.56005859375,1091.0400390625,1211.6500244140625,1211.6500244140625,39619890000
2009-01-01,1212.739990234375,1286.0799560546875,1136.6099853515625,1180.25,1180.25,39995600000
2009-02-01,1168.1300048828125,1286.9000244140625,1112.1199951171875,1116.989990234375,1116.989990234375,42380620000
2009-03-01,1098.989990234375,1281.300048828125,1040.4100341796875,1237.010009765625,1237.010009765625,49480930000
2009-04-01,1215.9000244140625,1418.77001953125,1211.5999755859375,1394.3299560546875,1394.3299560546875,48683640000
2009-05-01,1396.219970703125,1435.800048828125,1339.8199462890625,1435.5699462890625,1435.5699462890625,47352030000
2009-06-01,1451.3699951171875,1511.93994140625,1413.5400390625,1477.25,1477.25,51881250000
2009-07-01,1486.5,1632.969970703125,1394.8699951171875,1603.3599853515625,1603.3599853515625,47084360000
2009-08-01,1619.239990234375,1668.010009765625,1563.1400146484375,1625.18994140625,1625.18994140625,44011670000
2009-09-01,1620.0899658203125,1754.5400390625,1585.56005859375,1718.989990234375,1718.989990234375,49652910000
2009-10-01,1710.5,1780.8299560546875,1656.5699462890625,1667.1300048828125,1667.1300048828125,50489640000
2009-11-01,1667.06005859375,1814.25,1652.43994140625,1767.4300537109375,1767.4300537109375,38877300000
2009-12-01,1782.8499755859375,1882.5799560546875,1759.3399658203125,1860.31005859375,1860.31005859375,39269070000
2010-01-01,1882.68994140625,1897.489990234375,1734.030029296875,1741.0400390625,1741.0400390625,45625830000
2010-02-01,1745.9100341796875,1830.3800048828125,1712.8900146484375,1818.6800537109375,1818.6800537109375,42835360000
2010-03-01,1826.6199951171875,1976.3800048828125,1826.6099853515625,1958.3399658203125,1958.3399658203125,54955550000
2010-04-01,1968.43994140625,2059.419921875,1943.969970703125,2000.6300048828125,2000.6300048828125,54528540000
2010-05-01,2010.93994140625,2039.52001953125,1752.31005859375,1852.3900146484375,1852.3900146484375,57203120000
2010-06-01,1846.5999755859375,1939.77001953125,1734.9000244140625,1739.1400146484375,1739.1400146484375,48633730000
2010-07-01,1741.9300537109375,1900.1500244140625,1700.0400390625,1864.0,1864.0,43910370000
2010-08-01,1886.6099853515625,1918.780029296875,1747.3199462890625,1767.4300537109375,1767.4300537109375,41794240000
2010-09-01,1791.9100341796875,2029.6500244140625,1791.4100341796875,1998.0400390625,1998.0400390625,41586870000
2010-10-01,2014.469970703125,2137.330078125,1963.6800537109375,2124.449951171875,2124.449951171875,41539760000
2010-11-01,2135.570068359375,2200.159912109375,2085.27001953125,2117.330078125,2117.330078125,40893560000
2010-12-01,2150.639892578125,2238.919921875,2150.639892578125,2217.860107421875,2217.860107421875,36306890000
2011-01-01,2238.659912109375,2336.0400390625,2237.72998046875,2281.909912109375,2281.909912109375,40221760000
2011-02-01,2298.3701171875,2403.52001953125,2284.64990234375,2350.989990234375,2350.989990234375,39225340000
2011-03-01,2359.780029296875,2375.669921875,2188.919921875,2338.989990234375,2338.989990234375,45049990000
2011-04-01,2352.469970703125,2415.85009765625,2254.8798828125,2404.080078125,2404.080078125,38024600000
2011-05-01,2410.239990234375,2417.830078125,2298.719970703125,2372.5400390625,2372.5400390625,42067110000
2011-06-01,2368.2900390625,2373.820068359375,2180.93994140625,2325.070068359375,2325.070068359375,42570710000
2011-07-01,2326.159912109375,2438.43994140625,2318.199951171875,2362.81005859375,2362.81005859375,37282980000
2011-08-01,2391.419921875,2396.5,2034.9200439453125,2241.010009765625,2241.010009765625,56977870000
2011-09-01,2245.010009765625,2337.699951171875,2112.840087890625,2139.179931640625,2139.179931640625,42996470000
2011-10-01,2128.02001953125,2412.52001953125,2042.9000244140625,2360.080078125,2360.080078125,42787830000
2011-11-01,2301.110107421875,2402.510009765625,2150.7099609375,2295.199951171875,2295.199951171875,38397210000
2011-12-01,2294.27001953125,2343.10009765625,2209.570068359375,2277.830078125,2277.830078125,33177490000
2012-01-01,2323.159912109375,2481.510009765625,2307.56005859375,2467.949951171875,2467.949951171875,35325900000
2012-02-01,2481.6201171875,2645.199951171875,2474.2900390625,2623.10009765625,2623.10009765625,37728460000
2012-03-01,2634.199951171875,2794.0,2575.1298828125,2755.27001953125,2755.27001953125,36686310000
2012-04-01,2752.25,2795.35009765625,2628.9599609375,2723.679931640625,2723.679931640625,33793990000
2012-05-01,2719.25,2756.81005859375,2474.699951171875,2524.8701171875,2524.8701171875,40115930000
2012-06-01,2510.820068359375,2633.2099609375,2443.919921875,2615.719970703125,2615.719970703125,37458650000
2012-07-01,2616.52001953125,2663.1201171875,2522.889892578125,2642.530029296875,2642.530029296875,34686680000
2012-08-01,2660.489990234375,2802.909912109375,2606.5400390625,2772.239990234375,2772.239990234375,35708950000
2012-09-01,2766.929931640625,2878.3798828125,2744.2900390625,2799.18994140625,2799.18994140625,33719730000
2012-10-01,2811.449951171875,2845.969970703125,2636.830078125,2647.919921875,2647.919921875,36367020000
2012-11-01,2661.050048828125,2701.909912109375,2494.3798828125,2677.8798828125,2677.8798828125,36894240000
2012-12-01,2697.43994140625,2713.389892578125,2598.570068359375,2660.929931640625,2660.929931640625,33522490000
2013-01-01,2727.669921875,2769.31005859375,2703.75,2731.530029296875,2731.530029296875,39027620000
2013-02-01,2751.18994140625,2783.18994140625,2689.830078125,2738.580078125,2738.580078125,35765430000
2013-03-01,2725.3798828125,2820.669921875,2713.489990234375,2818.68994140625,2818.68994140625,33749180000
2013-04-01,2819.780029296875,2887.8701171875,2730.969970703125,2887.43994140625,2887.43994140625,36904330000
2013-05-01,2885.35009765625,3053.510009765625,2868.760009765625,2981.760009765625,2981.760009765625,39144080000
2013-06-01,2984.590087890625,3007.300048828125,2825.179931640625,2909.60009765625,2909.60009765625,37528250000
2013-07-01,2933.47998046875,3110.010009765625,2913.47998046875,3090.18994140625,3090.18994140625,35889520000
2013-08-01,3113.219970703125,3149.239990234375,3053.260009765625,3073.81005859375,3073.81005859375,32804650000
2013-09-01,3097.64990234375,3248.52001953125,3077.1298828125,3218.199951171875,3218.199951171875,34997740000
2013-10-01,3220.919921875,3408.280029296875,3117.68994140625,3377.72998046875,3377.72998046875,43017190000
2013-11-01,3392.320068359375,3495.969970703125,3318.39990234375,3487.820068359375,3487.820068359375,35818470000
2013-12-01,3496.18994140625,3592.0,3422.860107421875,3592.0,3592.0,37139280000
2014-01-01,3575.60009765625,3634.64990234375,3461.639892578125,3521.919921875,3521.919921875,45227610000
2014-02-01,3524.22998046875,3722.3798828125,3418.8798828125,3696.10009765625,3696.10009765625,39978180000
2014-03-01,3657.320068359375,3738.320068359375,3543.070068359375,3595.739990234375,3595.739990234375,46796180000
2014-04-01,3615.909912109375,3676.360107421875,3414.110107421875,3582.02001953125,3582.02001953125,44391220000
2014-05-01,3589.659912109375,3741.570068359375,3506.35009765625,3736.820068359375,3736.820068359375,39290130000
2014-06-01,3740.7099609375,3860.64990234375,3707.889892578125,3849.47998046875,3849.47998046875,40249370000
2014-07-01,3864.139892578125,3997.5,3837.159912109375,3892.5,3892.5,39536410000
2014-08-01,3886.10009765625,4082.969970703125,3845.199951171875,4082.56005859375,4082.56005859375,33417300000
2014-09-01,4093.1201171875,4118.91015625,4007.6298828125,4049.449951171875,4049.449951171875,39631140000
2014-10-01,4043.330078125,4170.8701171875,3700.22998046875,4158.2099609375,4158.2099609375,50136190000
2014-11-01,4160.60009765625,4347.08984375,4126.72021484375,4337.7900390625,4337.7900390625,32967990000
2014-12-01,4323.9501953125,4332.5498046875,4089.090087890625,4236.27978515625,4236.27978515625,39587090000
2015-01-01,4258.60009765625,4292.8798828125,4078.85009765625,4148.43017578125,4148.43017578125,38719030000
2015-02-01,4162.2001953125,4464.31005859375,4094.72998046875,4440.669921875,4440.669921875,35773090000
2015-03-01,4452.7998046875,4483.97021484375,4280.9501953125,4333.68994140625,4333.68994140625,41204240000
2015-04-01,4328.169921875,4562.330078125,4283.91015625,4414.25,4414.25,36159640000
2015-05-01,4437.7001953125,4551.52978515625,4349.93017578125,4508.25,4508.25,35994540000
2015-06-01,4530.02978515625,4561.64013671875,4377.22998046875,4396.759765625,4396.759765625,41338820000
2015-07-01,4433.7900390625,4694.1298828125,4344.14990234375,4588.91015625,4588.91015625,40634120000
2015-08-01,4595.259765625,4634.7001953125,3787.22998046875,4274.580078125,4274.580078125,43388300000
2015-09-01,4177.93994140625,4450.66015625,4053.1201171875,4181.06005859375,4181.06005859375,41503920000
2015-10-01,4185.27978515625,4681.22998046875,4124.5498046875,4648.830078125,4648.830078125,42348240000
2015-11-01,4658.7900390625,4737.1201171875,4486.08984375,4664.509765625,4664.509765625,36814190000
2015-12-01,4685.740234375,4739.75,4478.25,4593.27001953125,4593.27001953125,40577940000
2016-01-01,4485.06005859375,4522.1201171875,3992.909912109375,4279.169921875,4279.169921875,44867130000
2016-02-01,4254.41015625,4301.6298828125,3888.780029296875,4201.1201171875,4201.1201171875,43098650000
2016-03-01,4238.080078125,4518.18017578125,4225.93017578125,4483.66015625,4483.66015625,40738880000
2016-04-01,4461.77001953125,4574.3798828125,4307.10009765625,4341.2998046875,4341.2998046875,38014300000
2016-05-01,4350.830078125,4526.83984375,4282.0,4523.89013671875,4523.89013671875,38803240000
2016-06-01,4507.18017578125,4536.5498046875,4179.740234375,4417.7001953125,4417.7001953125,44213900000
2016-07-01,4411.77001953125,4743.25,4375.72021484375,4730.22998046875,4730.22998046875,36050040000
2016-08-01,4734.43994140625,4837.669921875,4689.5498046875,4771.0498046875,4771.0498046875,38754780000
2016-09-01,4774.81005859375,4895.5,4656.509765625,4875.7001953125,4875.7001953125,40112010000
2016-10-01,4864.6298828125,4911.759765625,4760.06982421875,4801.27001953125,4801.27001953125,34708450000
2016-11-01,4810.2998046875,4896.56982421875,4647.58984375,4810.81005859375,4810.81005859375,41950260000
2016-12-01,4806.77001953125,4992.080078125,4721.41015625,4863.6201171875,4863.6201171875,38648510000
2017-01-01,4900.85009765625,5172.43017578125,4884.52001953125,5116.77001953125,5116.77001953125,36115440000
2017-02-01,5157.830078125,5358.52978515625,5128.759765625,5330.31005859375,5330.31005859375,36811150000
2017-03-01,5368.64990234375,5451.5,5316.02001953125,5436.22998046875,5436.22998046875,44064880000
2017-04-01,5440.2001953125,5600.0,5353.58984375,5583.52978515625,5583.52978515625,33894020000
2017-05-01,5602.43994140625,5813.259765625,5568.47021484375,5788.7998046875,5788.7998046875,42405030000
2017-06-01,5804.169921875,5897.68994140625,5599.43994140625,5646.919921875,5646.919921875,50292320000
2017-07-01,5680.35986328125,5995.77001953125,5579.64013671875,5880.330078125,5880.330078125,36228200000
2017-08-01,5900.64013671875,5995.4501953125,5750.5,5988.60009765625,5988.60009765625,41368170000
2017-09-01,6001.81982421875,6012.9501953125,5839.89013671875,5979.2998046875,5979.2998046875,38354650000
2017-10-01,5988.9599609375,6258.419921875,5955.830078125,6248.56005859375,6248.56005859375,41620780000
2017-11-01,6274.259765625,6426.0400390625,6194.580078125,6365.56005859375,6365.56005859375,42080670000
2017-12-01,6325.60986328125,6522.7001953125,6234.22021484375,6396.419921875,6396.419921875,38755950000
2018-01-01,6431.58984375,7022.97021484375,6417.75,6949.990234375,6949.990234375,44694030000
2018-02-01,6910.56982421875,7003.1298828125,6164.43017578125,6854.419921875,6854.419921875,44063140000
2018-03-01,6862.93994140625,7186.08984375,6410.0400390625,6581.1298828125,6581.1298828125,48760550000
2018-04-01,6528.22998046875,6856.9599609375,6322.60009765625,6605.56982421875,6605.56982421875,43233040000
2018-05-01,6592.93017578125,7016.419921875,6539.8701171875,6967.72998046875,6967.72998046875,45761130000
2018-06-01,7010.080078125,7309.990234375,6950.22998046875,7040.7998046875,7040.7998046875,48573740000
2018-07-01,6979.5400390625,7511.39013671875,6969.16015625,7231.97998046875,7231.97998046875,38964090000
2018-08-01,7269.2001953125,7691.10009765625,7221.35009765625,7654.5498046875,7654.5498046875,46197780000
2018-09-01,7629.33984375,7657.7998046875,7400.990234375,7627.64990234375,7627.64990234375,44907360000
2018-10-01,7673.0,7700.56005859375,6574.75,6967.10009765625,6967.10009765625,61889960000
2018-11-01,6980.7900390625,7205.9599609375,6442.35986328125,6949.009765625,6949.009765625,48901700000
2018-12-01,7106.83984375,7107.0,5895.1201171875,6329.97021484375,6329.97021484375,49224830000
2019-01-01,6198.68017578125,6936.33984375,6139.39990234375,6906.83984375,6906.83984375,49542480000
2019-02-01,6872.72998046875,7161.72998046875,6836.7001953125,7097.52978515625,7097.52978515625,42628810000
2019-03-01,7152.080078125,7505.41015625,6940.72021484375,7378.77001953125,7378.77001953125,49622660000
2019-04-01,7450.81005859375,7851.97021484375,7422.43994140625,7781.4599609375,7781.4599609375,43553400000
2019-05-01,7828.14013671875,7851.02978515625,7125.97021484375,7127.9599609375,7127.9599609375,47822630000
2019-06-01,7110.33984375,7772.52978515625,6936.68017578125,7671.080078125,7671.080078125,44821400000
2019-07-01,7816.56005859375,8027.18017578125,7735.669921875,7848.77978515625,7848.77978515625,42846360000
2019-08-01,7866.60009765625,8000.93994140625,7356.27001953125,7691.0,7691.0,46323300000
2019-09-01,7634.02978515625,7975.330078125,7584.81982421875,7749.4501953125,7749.4501953125,41720490000
2019-10-01,7782.81982421875,8119.72998046875,7463.56982421875,8083.830078125,8083.830078125,44203530000
2019-11-01,8121.9501953125,8445.6103515625,8111.72998046875,8403.6796875,8403.6796875,41773310000
2019-12-01,8409.8701171875,8811.099609375,8167.35986328125,8733.0703125,8733.0703125,46214040000
2020-01-01,8802.2197265625,9272.3701171875,8713.8896484375,8991.509765625,8991.509765625,52694760000
2020-02-01,9033.51953125,9736.5703125,8133.85009765625,8461.830078125,8461.830078125,53886320000
2020-03-01,8569.91015625,9000.4599609375,6771.91015625,7813.5,7813.5,97320230000
2020-04-01,7582.77978515625,9025.8203125,7423.97021484375,9000.509765625,9000.509765625,79171670000
2020-05-01,8791.8798828125,9573.5498046875,8665.400390625,9555.5302734375,9555.5302734375,81175640000
2020-06-01,9526.4296875,10306.900390625,9489.580078125,10156.849609375,10156.849609375,112284350000
2020-07-01,10160.41015625,11069.259765625,10142.75,10905.8798828125,10905.8798828125,95054280000
2020-08-01,11018.01953125,12167.4599609375,10855.0595703125,12110.7001953125,12110.7001953125,78996130000
2020-09-01,12203.3603515625,12439.48046875,10677.849609375,11418.0595703125,11418.0595703125,82496920000
2020-10-01,11554.9599609375,12204.75,10960.01953125,11052.9501953125,11052.9501953125,78287400000
2020-11-01,11152.48046875,12306.7099609375,10957.1103515625,12268.3203125,12268.3203125,91282630000
2020-12-01,12387.6201171875,12925.5302734375,12226.1298828125,12888.2802734375,12888.2802734375,112635010000
2021-01-01,12950.2197265625,13563.7001953125,12537.419921875,12925.3798828125,12925.3798828125,139796850000
2021-02-01,13067.650390625,13879.76953125,12758.1201171875,12909.4404296875,12909.4404296875,142926770000
2021-03-01,13106.01953125,13301.6201171875,12208.3896484375,13091.4404296875,13091.4404296875,134201470000
2021-04-01,13268.8798828125,14073.48046875,13255.8203125,13860.759765625,13860.759765625,91591470000
2021-05-01,13923.0400390625,13955.0,12967.1796875,13686.509765625,13686.509765625,89415440000
2021-06-01,13764.26953125,14582.2998046875,13469.849609375,14554.7998046875,14554.7998046875,108377000000
2021-07-01,14530.6298828125,15142.349609375,14455.0703125,14959.900390625,14959.900390625,88708530000
2021-08-01,15046.099609375,15620.6201171875,14773.1904296875,15582.509765625,15582.509765625,88083480000
2021-09-01,15637.1298828125,15701.400390625,14684.5498046875,14689.6201171875,14689.6201171875,95275100000
2021-10-01,14731.3798828125,15856.900390625,14384.9296875,15850.4697265625,15850.4697265625,99492020000
2021-11-01,15879.6103515625,16764.859375,15785.3095703125,16135.919921875,16135.919921875,109314860000
2021-12-01,16347.9599609375,16607.189453125,15508.740234375,16320.080078125,16320.080078125,104264460000
2022-01-01,16395.509765625,16513.869140625,13724.849609375,14930.0498046875,14930.0498046875,100106820000
2022-02-01,14966.599609375,15196.400390625,13065.4404296875,14237.8095703125,14237.8095703125,89543300000
2022-03-01,14197.66015625,15265.419921875,13020.400390625,14838.490234375,14838.490234375,131081330000
2022-04-01,14886.91015625,15161.8896484375,12835.48046875,12854.7998046875,12854.7998046875,96581010000
2022-05-01,12864.830078125,13556.669921875,11492.2900390625,12642.099609375,12642.099609375,111465680000
2022-06-01,12750.3095703125,12897.6298828125,11037.2099609375,11503.7197265625,11503.7197265625,113875890000
2022-07-01,11472.6298828125,12986.6396484375,11366.0703125,12947.9697265625,12947.9697265625,94293720000
2022-08-01,12877.0400390625,13720.91015625,12240.8203125,12272.0302734375,12272.0302734375,110367680000
2022-09-01,12158.8798828125,12752.830078125,10966.9501953125,10971.2197265625,10971.2197265625,98888530000
2022-10-01,11059.169921875,11681.849609375,10440.6396484375,11405.5703125,11405.5703125,98292380000
2022-11-01,11571.5302734375,12031.33984375,10632.3896484375,12030.0595703125,12030.0595703125,101572370000
2022-12-01,12030.240234375,12166.41015625,10671.1904296875,10939.759765625,10939.759765625,100007430000
2023-01-01,11038.419921875,12248.150390625,10696.419921875,12101.9296875,12101.9296875,106732920000
2023-02-01,12087.919921875,12880.98046875,11900.83984375,12042.1201171875,12042.1201171875,99644100000
2023-03-01,12026.7197265625,13188.830078125,11695.41015625,13181.349609375,13181.349609375,120323510000
2023-04-01,13084.099609375,13247.3896484375,12724.240234375,13245.990234375,13245.990234375,90509520000
2023-05-01,13229.1103515625,14520.169921875,12938.4501953125,14254.08984375,14254.08984375,101290320000
2023-06-01,14269.08984375,15284.650390625,14219.9404296875,15179.2099609375,15179.2099609375,107650300000
2023-07-01,15190.5400390625,15932.0498046875,14924.6396484375,15757.0,15757.0,96983440000
2023-08-01,15696.98046875,15748.4296875,14557.830078125,15501.0703125,15501.0703125,110754840000
2023-09-01,15600.9501953125,15618.849609375,14432.599609375,14715.240234375,14715.240234375,94727650000
2023-10-01,14717.900390625,15333.98046875,14058.330078125,14409.7802734375,14409.7802734375,97818540000
2023-11-01,14453.6796875,16166.509765625,14441.8896484375,15947.8701171875,15947.8701171875,95884580000
2023-12-01,15892.58984375,16969.169921875,15695.580078125,16825.9296875,16825.9296875,120361680000
2024-01-01,16667.30078125,17665.259765625,16249.1904296875,17137.240234375,17137.240234375,111351260000
2024-02-01,17216.990234375,18091.619140625,17175.830078125,18043.849609375,18043.849609375,106763830000
2024-03-01,18069.2890625,18464.69921875,17764.990234375,18254.689453125,18254.689453125,106387420000
2024-04-01,18280.8203125,18391.580078125,16973.939453125,17440.689453125,17440.689453125,107535290000
2024-05-01,17382.779296875,18907.5390625,17284.369140625,18536.650390625,18536.650390625,140039820000
2024-06-01,18666.720703125,20017.7109375,18392.5703125,19682.869140625,19682.869140625,107772060000
2024-07-01,19720.109375,20690.970703125,18667.220703125,19362.4296875,19362.4296875,119005630000
2024-08-01,19375.970703125,19938.890625,17435.390625,19574.640625,19574.640625,121239310000
2024-09-01,19438.109375,20273.30078125,18400.970703125,20060.689453125,20060.689453125,110388680000
2024-10-01,20046.060546875,20600.099609375,19622.2890625,19890.419921875,19890.419921875,132373190000
2024-11-01,19955.830078125,21182.029296875,19898.5703125,20930.369140625,20930.369140625,146515010000
2024-12-01,20971.759765625,22133.220703125,20913.720703125,21012.169921875,21012.169921875,159134440000
2025-01-01,21120.05078125,21945.48046875,20538.330078125,21478.05078125,21478.05078125,161608850000
2025-02-01,21084.640625,22222.609375,20407.44921875,20884.41015625,20884.41015625,150047820000
2025-03-01,20989.580078125,21073.80078125,18799.19921875,19278.44921875,19278.44921875,158800650000
2025-04-01,19192.76953125,19707.33984375,16542.19921875,19571.01953125,19571.01953125,196411380000
2025-05-01,19866.830078125,21611.5390625,19605.0703125,21340.990234375,21340.990234375,196031780000
2025-06-01,21270.5703125,22721.5,21199.369140625,22679.009765625,22679.009765625,184980880000
2025-07-01,22594.48046875,23589.369140625,22388.08984375,23218.119140625,23218.119140625,209936950000
2025-08-01,22941.060546875,23969.279296875,22673.880859375,23415.419921875,23415.419921875,176309030000
2025-09-01,23020.470703125,24781.73046875,22977.880859375,24679.990234375,24679.990234375,192919050000
2025-10-01,24539.25,26182.099609375,24207.150390625,25858.130859375,25858.130859375,242736420000
2025-11-01,26114.109375,26132.869140625,23854.029296875,25434.890625,25434.890625,176367050000
2025-12-01,25232.75,25835.029296875,24647.609375,25249.849609375,25249.849609375,168780390000
2026-01-01,25524.26953125,26165.080078125,24954.1796875,25552.390625,25552.390625,176486670000
2026-02-01,25491.640625,25840.0390625,24387.470703125,24960.0390625,24960.0390625,166266560000
2026-03-01,24599.41015625,25189.169921875,22841.419921875,23740.189453125,23740.189453125,201029370000
2026-04-01,23883.2890625,27488.029296875,23512.599609375,27452.119140625,27452.119140625,186560370000
2026-05-01,27508.5703125,30470.029296875,27501.4296875,30333.1796875,30333.1796875,189308820000
2026-06-01,30295.24609375,30633.546875,30241.1953125,30513.861328125,30513.861328125,1443066000
